_date,arb,backrun,frontrun,liquid,sandwich
2023-08-25,1036,4997,4965,4,6451
2023-08-26,813,4506,4491,0,5359
2023-08-27,609,4120,4098,6,5127
2023-08-28,977,5393,5333,6,6773
2023-08-29,878,4103,4091,4,5123
2023-08-30,524,3523,3517,1,4541
2023-08-31,570,3738,3731,8,4609
2023-09-01,678,3978,3966,18,4802
2023-09-02,793,4539,4512,12,5423
2023-09-03,976,4397,4384,39,5527
2023-09-04,850,4021,4009,5,5269
2023-09-05,829,3976,3965,7,5333
2023-09-06,1041,4222,4210,10,5389
2023-09-07,730,4575,4554,3,5953
2023-09-08,928,5755,5686,7,7508
2023-09-09,1344,6120,6046,1,7720
2023-09-10,822,5070,5045,33,6160
2023-09-11,1068,4544,4530,124,6204
2023-09-12,937,3974,3967,13,4731
2023-09-13,614,3493,3485,7,4338
2023-09-14,518,4328,4322,1,5677
2023-09-15,738,4755,4728,2,6056
2023-09-16,612,4730,4715,8,5766
2023-09-17,674,4383,4368,7,5561
2023-09-18,728,3804,3798,9,4818
2023-09-19,650,4175,4159,7,5279
2023-09-20,616,4373,4355,5,5482
2023-09-21,811,3930,3925,23,4679
2023-09-22,757,4435,4420,16,5297
2023-09-23,647,4261,4248,6,4942
2023-09-24,721,4149,4143,21,4990
2023-09-25,558,4672,4644,10,6156
2023-09-26,628,4121,4094,0,5169
2023-09-27,764,3882,3877,12,4713
2023-09-28,671,3545,3541,7,4194
2023-09-29,662,4259,4251,14,5136
2023-09-30,549,4794,4775,2,5978
2023-10-01,713,4376,4366,10,5003
2023-10-02,850,5157,5124,4,6841
2023-10-03,829,4893,4878,15,5796
2023-10-04,835,4503,4495,12,5130
2023-10-05,594,4364,4356,6,4982
2023-10-06,538,4643,4630,23,5329
2023-10-07,760,5185,5164,29,6234
2023-10-08,632,5330,5313,11,6093
2023-10-09,851,5235,5221,44,6152
2023-10-10,865,4886,4860,23,5693
2023-10-11,1067,4816,4785,14,5738
2023-10-12,1135,4834,4816,34,5733
2023-10-13,1710,4898,4879,6,5958
2023-10-14,1105,5004,4980,1,5875
2023-10-15,1181,5055,5039,5,5562
2023-10-16,1021,4984,4957,17,5722
2023-10-17,925,4430,4406,18,5080
2023-10-18,1202,4748,4730,15,5371
2023-10-19,1021,5193,5159,12,6165
2023-10-20,1340,5085,5049,6,5981
2023-10-21,1157,4899,4881,8,5377
2023-10-22,1062,4614,4603,5,5143
2023-10-23,936,4215,4202,21,5146
2023-10-24,851,3448,3440,10,3814
