address_from,txindex,c,total_c,c_per
0xb18cc...e8f,0,1,746.0,0.0013404825737265416
0x91aae...728,0,1,746.0,0.0013404825737265416
0xb654f...f40,6,1,613.0,0.0016313213703099511
0x91aae...728,6,1,613.0,0.0016313213703099511
0x00000...87b,6,1,613.0,0.0016313213703099511
0x4066e...5ee,5,1,606.0,0.0016501650165016502
0x00000...87b,5,1,606.0,0.0016501650165016502
0x4066e...5ee,7,1,602.0,0.0016611295681063123
0xb18cc...e8f,7,1,602.0,0.0016611295681063123
0x4066e...5ee,8,1,567.0,0.001763668430335097
0xb654f...f40,8,1,567.0,0.001763668430335097
0xdb588...216,8,1,567.0,0.001763668430335097
0x3fc91...fad,8,1,567.0,0.001763668430335097
0x5931a...0ff,8,1,567.0,0.001763668430335097
0x76f36...d5e,8,1,567.0,0.001763668430335097
0xb18cc...e8f,3,1,564.0,0.0017730496453900709
0x4066e...5ee,1,1,563.0,0.0017761989342806395
0xdb588...216,1,1,563.0,0.0017761989342806395
0x7a250...88d,4,1,562.0,0.0017793594306049821
0x00000...87b,9,1,555.0,0.0018018018018018018
0x202bb...62a,9,1,555.0,0.0018018018018018018
0x5931a...0ff,9,1,555.0,0.0018018018018018018
0xbf540...c2b,9,1,555.0,0.0018018018018018018
0x76f36...d5e,9,1,555.0,0.0018018018018018018
0x3fc91...fad,9,1,555.0,0.0018018018018018018
0x76f36...d5e,10,1,503.0,0.0019880715705765406
0x4f0d8...e68,10,1,503.0,0.0019880715705765406
0x202bb...62a,11,1,496.0,0.0020161290322580645
0x3fc91...fad,11,1,496.0,0.0020161290322580645
0x7a250...88d,11,1,496.0,0.0020161290322580645
0x00000...87b,12,1,443.0,0.002257336343115124
0x91aae...728,12,1,443.0,0.002257336343115124
0x3fc91...fad,12,1,443.0,0.002257336343115124
0x4066e...5ee,12,1,443.0,0.002257336343115124
0x5931a...0ff,12,1,443.0,0.002257336343115124
0xdb588...216,13,1,426.0,0.002347417840375587
0x202bb...62a,13,1,426.0,0.002347417840375587
0x76f36...d5e,13,1,426.0,0.002347417840375587
0x7a250...88d,13,1,426.0,0.002347417840375587
0x202bb...62a,15,1,405.0,0.0024691358024691358
0x429cf...e63,15,1,405.0,0.0024691358024691358
0xbf540...c2b,15,1,405.0,0.0024691358024691358
0x429cf...e63,14,1,388.0,0.002577319587628866
0x4f0d8...e68,14,1,388.0,0.002577319587628866
0x76f36...d5e,14,1,388.0,0.002577319587628866
0x00000...1d3,14,1,388.0,0.002577319587628866
0x315d2...eba,14,1,388.0,0.002577319587628866
0xb654f...f40,14,1,388.0,0.002577319587628866
0xb18cc...e8f,14,1,388.0,0.002577319587628866
0x00000...87b,14,1,388.0,0.002577319587628866
0xbf540...c2b,16,1,380.0,0.002631578947368421
0x4f0d8...e68,16,1,380.0,0.002631578947368421
0x5931a...0ff,16,1,380.0,0.002631578947368421
0x315d2...eba,16,1,380.0,0.002631578947368421
0x202bb...62a,16,1,380.0,0.002631578947368421
0x429cf...e63,16,1,380.0,0.002631578947368421
0x4066e...5ee,0,2,746.0,0.002680965147453083
0x315d2...eba,0,2,746.0,0.002680965147453083
0x27899...fd6,17,1,346.0,0.002890173410404624
0x202bb...62a,17,1,346.0,0.002890173410404624
0x00000...8b8,17,1,346.0,0.002890173410404624
0x4f0d8...e68,17,1,346.0,0.002890173410404624
0x91aae...728,17,1,346.0,0.002890173410404624
0x00000...1d3,17,1,346.0,0.002890173410404624
0xb654f...f40,17,1,346.0,0.002890173410404624
0x7a250...88d,19,1,327.0,0.0030581039755351682
0xbf540...c2b,18,1,327.0,0.0030581039755351682
0x3fc91...fad,19,1,327.0,0.0030581039755351682
0x3fc91...fad,18,1,327.0,0.0030581039755351682
jaredfromsubway.eth,19,1,327.0,0.0030581039755351682
0x7a250...88d,18,1,327.0,0.0030581039755351682
0x429cf...e63,18,1,327.0,0.0030581039755351682
0x5931a...0ff,19,1,327.0,0.0030581039755351682
0xb18cc...e8f,19,1,327.0,0.0030581039755351682
0x202bb...62a,18,1,327.0,0.0030581039755351682
0x91aae...728,18,1,327.0,0.0030581039755351682
0x4f0d8...e68,19,1,327.0,0.0030581039755351682
0x00000...87b,19,1,327.0,0.0030581039755351682
0xdb588...216,18,1,327.0,0.0030581039755351682
0x4f0d8...e68,6,2,613.0,0.0032626427406199023
0x76f36...d5e,6,2,613.0,0.0032626427406199023
0x5931a...0ff,6,2,613.0,0.0032626427406199023
0x7a250...88d,5,2,606.0,0.0033003300330033004
0x7a250...88d,7,2,602.0,0.0033222591362126247
0x5931a...0ff,7,2,602.0,0.0033222591362126247
0x76f36...d5e,7,2,602.0,0.0033222591362126247
0x429cf...e63,7,2,602.0,0.0033222591362126247
0xbf540...c2b,7,2,602.0,0.0033222591362126247
0x7a250...88d,20,1,290.0,0.0034482758620689655
SideShift,20,1,290.0,0.0034482758620689655
0xb18cc...e8f,20,1,290.0,0.0034482758620689655
0x4066e...5ee,20,1,290.0,0.0034482758620689655
0x202bb...62a,20,1,290.0,0.0034482758620689655
0xb18cc...e8f,2,2,570.0,0.0035087719298245615
0xdb588...216,2,2,570.0,0.0035087719298245615
0x91aae...728,8,2,567.0,0.003527336860670194
0x00000...1d3,8,2,567.0,0.003527336860670194
0x4f0d8...e68,8,2,567.0,0.003527336860670194
0x7a250...88d,22,1,282.0,0.0035460992907801418
0x429cf...e63,22,1,282.0,0.0035460992907801418
0xdb588...216,21,1,282.0,0.0035460992907801418
0x315d2...eba,21,1,282.0,0.0035460992907801418
0x76f36...d5e,22,1,282.0,0.0035460992907801418
0x7a250...88d,3,2,564.0,0.0035460992907801418
0xb654f...f40,21,1,282.0,0.0035460992907801418
0xbf540...c2b,3,2,564.0,0.0035460992907801418
0x202bb...62a,22,1,282.0,0.0035460992907801418
0x91aae...728,22,1,282.0,0.0035460992907801418
jaredfromsubway.eth,21,1,282.0,0.0035460992907801418
0x3fc91...fad,22,1,282.0,0.0035460992907801418
0x5931a...0ff,22,1,282.0,0.0035460992907801418
0x00000...8b8,22,1,282.0,0.0035460992907801418
0x00000...87b,22,1,282.0,0.0035460992907801418
0xbf540...c2b,1,2,563.0,0.003552397868561279
0xb18cc...e8f,1,2,563.0,0.003552397868561279
0x76f36...d5e,1,2,563.0,0.003552397868561279
0x429cf...e63,1,2,563.0,0.003552397868561279
0xb18cc...e8f,4,2,562.0,0.0035587188612099642
0x76f36...d5e,4,2,562.0,0.0035587188612099642
0xb654f...f40,4,2,562.0,0.0035587188612099642
0x7a250...88d,9,2,555.0,0.0036036036036036037
0xdb588...216,9,2,555.0,0.0036036036036036037
0xb18cc...e8f,9,2,555.0,0.0036036036036036037
0x4f0d8...e68,23,1,252.0,0.003968253968253968
0x315d2...eba,23,1,252.0,0.003968253968253968
0x202bb...62a,23,1,252.0,0.003968253968253968
0x7a250...88d,23,1,252.0,0.003968253968253968
0x00000...87b,23,1,252.0,0.003968253968253968
0xb18cc...e8f,10,2,503.0,0.003976143141153081
0x315d2...eba,10,2,503.0,0.003976143141153081
0x7a250...88d,10,2,503.0,0.003976143141153081
0x91aae...728,10,2,503.0,0.003976143141153081
0x00000...1d3,10,2,503.0,0.003976143141153081
0xb654f...f40,0,3,746.0,0.004021447721179625
0x315d2...eba,11,2,496.0,0.004032258064516129
0xbf540...c2b,11,2,496.0,0.004032258064516129
0x4066e...5ee,11,2,496.0,0.004032258064516129
0x4f0d8...e68,11,2,496.0,0.004032258064516129
0x76f36...d5e,11,2,496.0,0.004032258064516129
0x7a250...88d,26,1,236.0,0.00423728813559322
0x5931a...0ff,26,1,236.0,0.00423728813559322
0x3fc91...fad,26,1,236.0,0.00423728813559322
0x91aae...728,26,1,236.0,0.00423728813559322
0xb654f...f40,26,1,236.0,0.00423728813559322
0x76f36...d5e,24,1,230.0,0.004347826086956522
0x429cf...e63,24,1,230.0,0.004347826086956522
0xbf540...c2b,24,1,230.0,0.004347826086956522
0x202bb...62a,24,1,230.0,0.004347826086956522
SideShift,24,1,230.0,0.004347826086956522
0x7a250...88d,24,1,230.0,0.004347826086956522
0x7a250...88d,25,1,228.0,0.0043859649122807015
0x3fc91...fad,25,1,228.0,0.0043859649122807015
SideShift,25,1,228.0,0.0043859649122807015
0x4f0d8...e68,25,1,228.0,0.0043859649122807015
0x00000...1d3,25,1,228.0,0.0043859649122807015
0x00000...8b8,12,2,443.0,0.004514672686230248
0xb654f...f40,12,2,443.0,0.004514672686230248
0x429cf...e63,12,2,443.0,0.004514672686230248
0x7a250...88d,12,2,443.0,0.004514672686230248
0x00000...1d3,12,2,443.0,0.004514672686230248
0xb18cc...e8f,12,2,443.0,0.004514672686230248
0x202bb...62a,12,2,443.0,0.004514672686230248
0xdb588...216,12,2,443.0,0.004514672686230248
0xdb588...216,27,1,221.0,0.004524886877828055
0xbf540...c2b,27,1,221.0,0.004524886877828055
0xb654f...f40,27,1,221.0,0.004524886877828055
0xb18cc...e8f,27,1,221.0,0.004524886877828055
jaredfromsubway.eth,27,1,221.0,0.004524886877828055
0x3fc91...fad,13,2,426.0,0.004694835680751174
0xb18cc...e8f,13,2,426.0,0.004694835680751174
0xb654f...f40,13,2,426.0,0.004694835680751174
0x00000...87b,13,2,426.0,0.004694835680751174
0x315d2...eba,13,2,426.0,0.004694835680751174
0x4066e...5ee,6,3,613.0,0.004893964110929853
0xdb588...216,6,3,613.0,0.004893964110929853
0x91aae...728,15,2,405.0,0.0049382716049382715
0xb654f...f40,15,2,405.0,0.0049382716049382715
0x76f36...d5e,15,2,405.0,0.0049382716049382715
0xb654f...f40,5,3,606.0,0.0049504950495049506
0xdb588...216,5,3,606.0,0.0049504950495049506
0x91aae...728,5,3,606.0,0.0049504950495049506
0x4f0d8...e68,5,3,606.0,0.0049504950495049506
0x91aae...728,7,3,602.0,0.0049833887043189366
0x202bb...62a,14,2,388.0,0.005154639175257732
0x00000...8b8,14,2,388.0,0.005154639175257732
0x4066e...5ee,14,2,388.0,0.005154639175257732
0x4066e...5ee,16,2,380.0,0.005263157894736842
0x315d2...eba,2,3,570.0,0.005263157894736842
0x3fc91...fad,16,2,380.0,0.005263157894736842
0xbf540...c2b,8,3,567.0,0.005291005291005291
0x202bb...62a,8,3,567.0,0.005291005291005291
0xb18cc...e8f,8,3,567.0,0.005291005291005291
0x00000...8b8,8,3,567.0,0.005291005291005291
0x00000...87b,29,1,188.0,0.005319148936170213
0x76f36...d5e,29,1,188.0,0.005319148936170213
0x00000...1d3,3,3,564.0,0.005319148936170213
0xbf540...c2b,29,1,188.0,0.005319148936170213
0x4f0d8...e68,29,1,188.0,0.005319148936170213
SideShift,29,1,188.0,0.005319148936170213
0x315d2...eba,3,3,564.0,0.005319148936170213
0x00000...87b,1,3,563.0,0.0053285968028419185
0x00000...1d3,1,3,563.0,0.0053285968028419185
0x5931a...0ff,1,3,563.0,0.0053285968028419185
0x00000...87b,4,3,562.0,0.005338078291814947
0xdb588...216,4,3,562.0,0.005338078291814947
0x4066e...5ee,4,3,562.0,0.005338078291814947
0x00000...1d3,28,1,187.0,0.0053475935828877
0x00000...8b8,28,1,187.0,0.0053475935828877
SideShift,28,1,187.0,0.0053475935828877
0x91aae...728,28,1,187.0,0.0053475935828877
0x00000...87b,28,1,187.0,0.0053475935828877
0x00000...87b,0,4,746.0,0.005361930294906166
0x429cf...e63,9,3,555.0,0.005405405405405406
0x91aae...728,9,3,555.0,0.005405405405405406
0x4066e...5ee,9,3,555.0,0.005405405405405406
0x00000...1d3,30,1,182.0,0.005494505494505495
0xbf540...c2b,30,1,182.0,0.005494505494505495
jaredfromsubway.eth,30,1,182.0,0.005494505494505495
0x202bb...62a,30,1,182.0,0.005494505494505495
0x5931a...0ff,30,1,182.0,0.005494505494505495
0xbf540...c2b,31,1,177.0,0.005649717514124294
0x00000...1d3,31,1,177.0,0.005649717514124294
0x00000...87b,17,2,346.0,0.005780346820809248
0x3fc91...fad,17,2,346.0,0.005780346820809248
0x5931a...0ff,17,2,346.0,0.005780346820809248
0x4f0d8...e68,33,1,169.0,0.005917159763313609
0x202bb...62a,33,1,169.0,0.005917159763313609
0x91aae...728,33,1,169.0,0.005917159763313609
0x00000...8b8,10,3,503.0,0.005964214711729622
0x429cf...e63,10,3,503.0,0.005964214711729622
0x202bb...62a,10,3,503.0,0.005964214711729622
0xb654f...f40,10,3,503.0,0.005964214711729622
0x00000...8b8,11,3,496.0,0.006048387096774193
0x91aae...728,11,3,496.0,0.006048387096774193
0xb654f...f40,11,3,496.0,0.006048387096774193
0xbf540...c2b,19,2,327.0,0.0061162079510703364
0x4066e...5ee,19,2,327.0,0.0061162079510703364
0x315d2...eba,19,2,327.0,0.0061162079510703364
0x315d2...eba,18,2,327.0,0.0061162079510703364
0xb18cc...e8f,18,2,327.0,0.0061162079510703364
0xb654f...f40,18,2,327.0,0.0061162079510703364
0x00000...8b8,32,1,154.0,0.006493506493506494
0x202bb...62a,32,1,154.0,0.006493506493506494
0xb18cc...e8f,32,1,154.0,0.006493506493506494
jaredfromsubway.eth,32,1,154.0,0.006493506493506494
0xbf540...c2b,32,1,154.0,0.006493506493506494
0xb18cc...e8f,6,4,613.0,0.0065252854812398045
0x00000...1d3,6,4,613.0,0.0065252854812398045
0x429cf...e63,6,4,613.0,0.0065252854812398045
0xb18cc...e8f,5,4,606.0,0.006600660066006601
0x4f0d8...e68,7,4,602.0,0.006644518272425249
0x315d2...eba,12,3,443.0,0.006772009029345372
0x91aae...728,20,2,290.0,0.006896551724137931
0x5931a...0ff,34,1,145.0,0.006896551724137931
0xbf540...c2b,34,1,145.0,0.006896551724137931
0xbf540...c2b,20,2,290.0,0.006896551724137931
jaredfromsubway.eth,20,2,290.0,0.006896551724137931
0x7a250...88d,35,1,143.0,0.006993006993006993
0x202bb...62a,35,1,143.0,0.006993006993006993
0x4f0d8...e68,35,1,143.0,0.006993006993006993
jaredfromsubway.eth,35,1,143.0,0.006993006993006993
0x7a250...88d,2,4,570.0,0.007017543859649123
0x91aae...728,13,3,426.0,0.007042253521126761
0x7a250...88d,8,4,567.0,0.007054673721340388
0x429cf...e63,8,4,567.0,0.007054673721340388
0x315d2...eba,8,4,567.0,0.007054673721340388
0xbf540...c2b,37,1,141.0,0.0070921985815602835
0x76f36...d5e,3,4,564.0,0.0070921985815602835
0x202bb...62a,21,2,282.0,0.0070921985815602835
0x91aae...728,3,4,564.0,0.0070921985815602835
0x00000...87b,3,4,564.0,0.0070921985815602835
0x5931a...0ff,21,2,282.0,0.0070921985815602835
0x00000...87b,21,2,282.0,0.0070921985815602835
SideShift,37,1,141.0,0.0070921985815602835
0x4f0d8...e68,37,1,141.0,0.0070921985815602835
0xb654f...f40,22,2,282.0,0.0070921985815602835
0x91aae...728,4,4,562.0,0.0071174377224199285
0x4f0d8...e68,9,4,555.0,0.007207207207207207
0xb654f...f40,9,4,555.0,0.007207207207207207
0x7a250...88d,39,1,136.0,0.007352941176470588
0x76f36...d5e,39,1,136.0,0.007352941176470588
0x3fc91...fad,39,1,136.0,0.007352941176470588
0x315d2...eba,15,3,405.0,0.007407407407407408
0xbf540...c2b,40,1,133.0,0.007518796992481203
0x4f0d8...e68,38,1,133.0,0.007518796992481203
0x4f0d8...e68,40,1,133.0,0.007518796992481203
jaredfromsubway.eth,38,1,133.0,0.007518796992481203
0x7a250...88d,38,1,133.0,0.007518796992481203
0x3fc91...fad,38,1,133.0,0.007518796992481203
0xdb588...216,38,1,133.0,0.007518796992481203
0x91aae...728,38,1,133.0,0.007518796992481203
jaredfromsubway.eth,40,1,133.0,0.007518796992481203
0xb654f...f40,38,1,133.0,0.007518796992481203
0xdb588...216,16,3,380.0,0.007894736842105263
0x00000...8b8,16,3,380.0,0.007894736842105263
0x5931a...0ff,23,2,252.0,0.007936507936507936
0x3fc91...fad,23,2,252.0,0.007936507936507936
0x4066e...5ee,10,4,503.0,0.007952286282306162
0xbf540...c2b,36,1,125.0,0.008
0x4066e...5ee,36,1,125.0,0.008
0x00000...1d3,11,4,496.0,0.008064516129032258
0x3fc91...fad,41,1,124.0,0.008064516129032258
0xbf540...c2b,41,1,124.0,0.008064516129032258
0x00000...8b8,41,1,124.0,0.008064516129032258
0x202bb...62a,41,1,124.0,0.008064516129032258
0x4066e...5ee,41,1,124.0,0.008064516129032258
jaredfromsubway.eth,41,1,124.0,0.008064516129032258
0x202bb...62a,6,5,613.0,0.008156606851549755
0x76f36...d5e,5,5,606.0,0.00825082508250825
0x315d2...eba,7,5,602.0,0.008305647840531562
0xb654f...f40,7,5,602.0,0.008305647840531562
0x00000...8b8,7,5,602.0,0.008305647840531562
jaredfromsubway.eth,26,2,236.0,0.00847457627118644
0x4066e...5ee,26,2,236.0,0.00847457627118644
SideShift,26,2,236.0,0.00847457627118644
0x00000...87b,24,2,230.0,0.008695652173913044
0x4066e...5ee,24,2,230.0,0.008695652173913044
0x91aae...728,24,2,230.0,0.008695652173913044
0x00000...87b,2,5,570.0,0.008771929824561403
0x5931a...0ff,3,5,564.0,0.008865248226950355
0xdb588...216,3,5,564.0,0.008865248226950355
0x4f0d8...e68,4,5,562.0,0.008896797153024912
0x00000...1d3,4,5,562.0,0.008896797153024912
0x315d2...eba,4,5,562.0,0.008896797153024912
0x429cf...e63,4,5,562.0,0.008896797153024912
0x00000...8b8,9,5,555.0,0.009009009009009009
0x91aae...728,27,2,221.0,0.00904977375565611
0x00000...1d3,27,2,221.0,0.00904977375565611
0x00000...8b8,27,2,221.0,0.00904977375565611
jaredfromsubway.eth,18,3,327.0,0.009174311926605505
0xb654f...f40,19,3,327.0,0.009174311926605505
0x76f36...d5e,43,1,108.0,0.009259259259259259
0x91aae...728,43,1,108.0,0.009259259259259259
0x5931a...0ff,43,1,108.0,0.009259259259259259
0x00000...87b,43,1,108.0,0.009259259259259259
0x00000...8b8,43,1,108.0,0.009259259259259259
0x202bb...62a,43,1,108.0,0.009259259259259259
0x202bb...62a,0,7,746.0,0.00938337801608579
0x4f0d8...e68,0,7,746.0,0.00938337801608579
0x4066e...5ee,13,4,426.0,0.009389671361502348
0x00000...8b8,13,4,426.0,0.009389671361502348
0x00000...1d3,15,4,405.0,0.009876543209876543
0x4066e...5ee,15,4,405.0,0.009876543209876543
0x315d2...eba,5,6,606.0,0.009900990099009901
0xdb588...216,11,5,496.0,0.010080645161290322
0x91aae...728,14,4,388.0,0.010309278350515464
jaredfromsubway.eth,22,3,282.0,0.010638297872340425
0x00000...1d3,29,2,188.0,0.010638297872340425
0x4066e...5ee,29,2,188.0,0.010638297872340425
0x4066e...5ee,3,6,564.0,0.010638297872340425
0x315d2...eba,1,6,563.0,0.010657193605683837
jaredfromsubway.eth,28,2,187.0,0.0106951871657754
0x4066e...5ee,28,2,187.0,0.0106951871657754
0x7a250...88d,0,8,746.0,0.010723860589812333
jaredfromsubway.eth,42,1,92.0,0.010869565217391304
0x27899...fd6,42,1,92.0,0.010869565217391304
0x00000...8b8,30,2,182.0,0.01098901098901099
0x3fc91...fad,30,2,182.0,0.01098901098901099
SideShift,30,2,182.0,0.01098901098901099
0x202bb...62a,31,2,177.0,0.011299435028248588
0xb654f...f40,47,1,88.0,0.011363636363636364
0x91aae...728,47,1,88.0,0.011363636363636364
jaredfromsubway.eth,47,1,88.0,0.011363636363636364
0x315d2...eba,6,7,613.0,0.011419249592169658
0x7a250...88d,45,1,87.0,0.011494252873563218
SideShift,45,1,87.0,0.011494252873563218
SideShift,44,1,87.0,0.011494252873563218
0x3fc91...fad,45,1,87.0,0.011494252873563218
0x76f36...d5e,44,1,87.0,0.011494252873563218
0x00000...87b,45,1,87.0,0.011494252873563218
0x429cf...e63,5,7,606.0,0.01155115511551155
0x00000...1d3,5,7,606.0,0.01155115511551155
0x4066e...5ee,17,4,346.0,0.011560693641618497
0xdb588...216,7,7,602.0,0.011627906976744186
0x4066e...5ee,49,1,85.0,0.011764705882352941
jaredfromsubway.eth,23,3,252.0,0.011904761904761904
0x76f36...d5e,0,9,746.0,0.012064343163538873
0xb18cc...e8f,11,6,496.0,0.012096774193548387
0x91aae...728,19,4,327.0,0.012232415902140673
0x4f0d8...e68,2,7,570.0,0.012280701754385965
0x76f36...d5e,2,7,570.0,0.012280701754385965
0x00000...8b8,15,5,405.0,0.012345679012345678
0x7a250...88d,1,7,563.0,0.012433392539964476
0x3fc91...fad,46,1,80.0,0.0125
0xb18cc...e8f,48,1,80.0,0.0125
jaredfromsubway.eth,48,1,80.0,0.0125
0x4f0d8...e68,48,1,80.0,0.0125
0x7a250...88d,46,1,80.0,0.0125
0x00000...1d3,9,7,555.0,0.012612612612612612
0x91aae...728,32,2,154.0,0.012987012987012988
0xdb588...216,32,2,154.0,0.012987012987012988
jaredfromsubway.eth,24,3,230.0,0.013043478260869565
jaredfromsubway.eth,25,3,228.0,0.013157894736842105
0x202bb...62a,7,8,602.0,0.013289036544850499
0x00000...1d3,0,10,746.0,0.013404825737265416
0x00000...8b8,20,4,290.0,0.013793103448275862
0x3fc91...fad,34,2,145.0,0.013793103448275862
0xb654f...f40,35,2,143.0,0.013986013986013986
0x429cf...e63,2,8,570.0,0.014035087719298246
0x00000...1d3,13,6,426.0,0.014084507042253521
0x3fc91...fad,37,2,141.0,0.014184397163120567
0x4f0d8...e68,1,8,563.0,0.014209591474245116
0x202bb...62a,4,8,562.0,0.014234875444839857
0x315d2...eba,9,8,555.0,0.014414414414414415
jaredfromsubway.eth,17,5,346.0,0.014450867052023121
0x00000...8b8,6,9,613.0,0.01468189233278956
jaredfromsubway.eth,39,2,136.0,0.014705882352941176
0xdb588...216,0,11,746.0,0.014745308310991957
0x429cf...e63,0,11,746.0,0.014745308310991957
0x3fc91...fad,40,2,133.0,0.015037593984962405
SideShift,38,2,133.0,0.015037593984962405
0x00000...8b8,18,5,327.0,0.01529051987767584
0x202bb...62a,2,9,570.0,0.015789473684210527
0x202bb...62a,3,9,564.0,0.015957446808510637
0x3fc91...fad,29,3,188.0,0.015957446808510637
0x202bb...62a,1,9,563.0,0.015985790408525755
0x3fc91...fad,36,2,125.0,0.016
0x91aae...728,36,2,125.0,0.016
0x5931a...0ff,36,2,125.0,0.016
0x3fc91...fad,28,3,187.0,0.016042780748663103
0x00000...8b8,0,12,746.0,0.0160857908847185
jaredfromsubway.eth,11,8,496.0,0.016129032258064516
0x76f36...d5e,41,2,124.0,0.016129032258064516
0x5931a...0ff,0,13,746.0,0.01742627345844504
jaredfromsubway.eth,33,3,169.0,0.01775147928994083
0xb654f...f40,33,3,169.0,0.01775147928994083
0x3fc91...fad,33,3,169.0,0.01775147928994083
0x00000...8b8,1,10,563.0,0.017761989342806393
0x202bb...62a,5,11,606.0,0.018151815181518153
0x00000...8b8,5,11,606.0,0.018151815181518153
SideShift,43,2,108.0,0.018518518518518517
0x00000...1d3,2,11,570.0,0.01929824561403509
0x429cf...e63,3,11,564.0,0.01950354609929078
0x00000...1d3,7,12,602.0,0.019933554817275746
0xb654f...f40,34,3,145.0,0.020689655172413793
jaredfromsubway.eth,16,8,380.0,0.021052631578947368
jaredfromsubway.eth,37,3,141.0,0.02127659574468085
jaredfromsubway.eth,29,4,188.0,0.02127659574468085
jaredfromsubway.eth,15,9,405.0,0.022222222222222223
jaredfromsubway.eth,31,4,177.0,0.022598870056497175
0x3fc91...fad,44,2,87.0,0.022988505747126436
0x4f0d8...e68,3,13,564.0,0.02304964539007092
0x00000...8b8,4,13,562.0,0.023131672597864767
jaredfromsubway.eth,49,2,85.0,0.023529411764705882
SideShift,41,3,124.0,0.024193548387096774
jaredfromsubway.eth,14,10,388.0,0.02577319587628866
jaredfromsubway.eth,13,11,426.0,0.025821596244131457
0x00000...8b8,3,15,564.0,0.026595744680851064
jaredfromsubway.eth,8,17,567.0,0.029982363315696647
0x00000...8b8,2,18,570.0,0.031578947368421054
jaredfromsubway.eth,10,17,503.0,0.033797216699801194
jaredfromsubway.eth,12,15,443.0,0.033860045146726865
jaredfromsubway.eth,9,19,555.0,0.03423423423423423
SideShift,49,3,85.0,0.03529411764705882
0x3fc91...fad,43,4,108.0,0.037037037037037035
jaredfromsubway.eth,7,36,602.0,0.059800664451827246
jaredfromsubway.eth,6,56,613.0,0.09135399673735727
jaredfromsubway.eth,5,86,606.0,0.1419141914191419
jaredfromsubway.eth,1,87,563.0,0.15452930728241562
jaredfromsubway.eth,2,101,570.0,0.17719298245614035
jaredfromsubway.eth,4,107,562.0,0.1903914590747331
jaredfromsubway.eth,3,108,564.0,0.19148936170212766
jaredfromsubway.eth,0,178,746.0,0.2386058981233244
other,0,467,746.0,0.6260053619302949
other,3,369,564.0,0.6542553191489362
other,2,393,570.0,0.6894736842105263
other,4,394,562.0,0.701067615658363
other,1,417,563.0,0.7406749555950266
other,5,453,606.0,0.7475247524752475
other,6,509,613.0,0.8303425774877651
other,7,505,602.0,0.8388704318936877
other,9,487,555.0,0.8774774774774775
other,43,96,108.0,0.8888888888888888
other,13,384,426.0,0.9014084507042254
other,8,514,567.0,0.9065255731922398
other,11,451,496.0,0.9092741935483871
other,10,458,503.0,0.9105367793240556
other,41,113,124.0,0.9112903225806451
other,12,404,443.0,0.9119638826185101
other,29,172,188.0,0.9148936170212766
other,15,371,405.0,0.9160493827160494
other,14,360,388.0,0.9278350515463918
other,33,157,169.0,0.9289940828402367
other,49,79,85.0,0.9294117647058824
other,38,124,133.0,0.9323308270676691
other,24,215,230.0,0.9347826086956522
other,18,306,327.0,0.9357798165137615
other,28,175,187.0,0.9358288770053476
other,36,117,125.0,0.936
other,17,324,346.0,0.9364161849710982
other,16,356,380.0,0.9368421052631579
other,19,307,327.0,0.9388379204892966
other,30,171,182.0,0.9395604395604396
other,32,145,154.0,0.9415584415584416
other,37,133,141.0,0.9432624113475178
other,20,275,290.0,0.9482758620689655
other,27,210,221.0,0.9502262443438914
other,22,268,282.0,0.950354609929078
other,34,138,145.0,0.9517241379310345
other,23,240,252.0,0.9523809523809523
other,26,225,236.0,0.9533898305084746
other,45,83,87.0,0.9540229885057471
other,44,83,87.0,0.9540229885057471
other,31,169,177.0,0.9548022598870056
other,35,137,143.0,0.958041958041958
other,40,128,133.0,0.9624060150375939
other,48,77,80.0,0.9625
other,39,131,136.0,0.9632352941176471
other,21,272,282.0,0.9645390070921985
other,25,220,228.0,0.9649122807017544
other,47,85,88.0,0.9659090909090909
other,46,78,80.0,0.975
other,42,90,92.0,0.9782608695652174
